Full curve JC fit:
espilonm_JC = 2.3332225378831177 with error 0.02154811267205331
f_JC = 8.220511279213427e-07 with error 1.4735382995249881e-08
Chi-squared = 36.23919803763101

Restricting the JC fit to 470nm-570nm:
espilonm_JC = 2.296952133299161 with error 0.03092277392338673
f_JC = 8.41099100108054e-07 with error 2.3658786847627182e-08
Chi-squared = 37.51093164516652

Fit restricted to 470nm-570nm:
R = 3.066609688932729 nm, with error 0.07456908844979904nm
espilonm = 2.109352383794984 with error 0.011490333573034514
rho = 1.7355696173404154e-08 nm**-3, with error 1.4236940764490808e-09nm**-3
Chi-squared = 0.9808561774035884

