Full curve JC fit:
espilonm_JC = 2.3332225378831177 with error 0.02154811267205331
f_JC = 8.220511279213427e-07 with error 1.4735382995249881e-08
Chi-squared = 36.23919803763101

Restricting the JC fit to 470nm-570nm:
espilonm_JC = 2.296952133299161 with error 0.03092277392338673
f_JC = 8.41099100108054e-07 with error 2.3658786847627182e-08
Chi-squared = 37.51093164516652

Fit restricted to 470nm-570nm:
R = 0.8172854088536675 nm, with error 0.02035573866055793 nm
espilonm = 2.059181169330377 with error 0.012778387727654486
rho = 9.051592989895188e-07 nm**-3, with error 7.65672504664653e-08 nm**-3
Chi-squared = 2.150133480797316

Fit restricted to 470nm-570nm:
R = 1.005532878695399 nm, with error 0.045144001810449544 nm
rho = 3.9539382285639636e-07 nm**-3, with error 5.606216528199767e-08 nm**-3
Chi-squared = 1.4252618040273268

Fit restricted to 470nm-570nm:
R = 1.0458349407612264 nm, with error 0.0031623923630626507 nm
epsilonm = 2.126311625755263 with error 0.011517345644883282
Chi-squared = 0.9652399397829003