Curve fit 1:
A = [24.42626497291725, 12.891302708453692, 8.572712025217346, 4.359761256134977, 3.5424493759644817] with errors [0.9453838299709506, 1.5227365987027415, 0.756009760072308, 1.454659059413914, 2.771996473182965]
m = [0.3337001844127804, 0.387026977751511, 0.5645602359480824, 0.6782407029636671, 0.715098099442696] with errors [2.1526703940234476e-05, 7.936230167909646e-05, 5.5269197811530084e-05, 9.027712848099612e-05, 0.00027215989209995435]
s = [0.0033611525722191775, 0.005448653146935741, 0.0043412189609337145, 0.004186945357873201, 0.006198492380865636] with errors [3.8821787152088777e-05, 0.00020690085967894548, 0.0001167468770636605, 0.000256971533265466, 0.0015262664875115206]
FWHM = 2s = [0.006722305144438355, 0.010897306293871482, 0.008682437921867429, 0.008373890715746402, 0.012396984761731272] with errors [7.764357430417755e-05, 0.00041380171935789095, 0.000233493754127321, 0.000513943066530932, 0.003052532975023041]
r = [0.6692923866848423, 0.9345881997987759, 0.8086023451317117, 0.3594652773501704, 0.9999999999999999] with errors [0.06287699522547752, 0.12978631672144506, 0.1181983858331557, 0.5255135397943947, 0.6476964992723526]
a = [-351.3819894182512, -561.2286414601458, -260.5092095625515, -315.85594095260905, -506.2026983187386] with errors [213646573.8875616, 444327719.67169607, 275196773.73834664, 5.515381065187391, 729230811.4847203]
b = [632.427151068835, 527.8316489300558, 382.4547281811414, 519.531478332464, 588.9741185080891] with errors [32914384.454162687, 68453125.16392425, 42396814.74743208, 35.80021446934677, 112345295.45220055]

