Full curve JC fit:
espilonm_JC = 2.333220212493098 with error 0.02154815015842269
f_JC = 8.220523819981989e-07 with error 1.4735482364315016e-08
Chi-squared = 36.2392719038338

Restricting the JC fit to 470nm-570nm:
espilonm_JC = 2.296916956287368 with error 0.030923506467641398
f_JC = 8.411208497336602e-07 with error 2.366128650360536e-08
Chi-squared = 37.511963547599024

Fit restricted to 470nm-570nm:
R = 0.8172846134831532 nm, with error 0.020356164181395305nm
espilonm = 2.05918081454134 with error 0.012778228943741417
rho = 9.051623197088579e-07 nm**-3, with error 7.656290728016171e-08nm**-3
Chi-squared = 2.1501406366952858

