Full curve JC fit:
espilonm_JC = 2.3332225378831177 with error 0.02154811267205331
f_JC = 8.220511279213427e-07 with error 1.4735382995249881e-08
Chi-squared = 36.23919803763101

Restricting the JC fit to 470nm-570nm:
espilonm_JC = 2.296952133299161 with error 0.03092277392338673
f_JC = 8.41099100108054e-07 with error 2.3658786847627182e-08
Chi-squared = 37.51093164516652

Fit restricted to 470nm-570nm:
R = 3.066609688932729 nm, with error 0.07456908844979904 nm
espilonm = 2.109352383794984 with error 0.011490333573034514
rho = 1.7355696173404154e-08 nm**-3, with error 1.4236940764490808e-09 nm**-3
Chi-squared = 0.9808561774035884

Fit restricted to 470nm-570nm:
R = 3.3840445660096368 nm, with error 0.13749351902249496 nm
rho = 1.1013064157188276e-08 nm**-3, with error 1.4400024753890278e-09 nm**-3
Chi-squared = 0.8335872950069589

Fit restricted to 470nm-570nm:
R = 3.5108356582936846 nm, with error 0.009411048544255615 nm
epsilonm = 2.135895800126656 with error 0.01051138277168445
Chi-squared = 0.6086505917975116

Fit restricted to 470nm-570nm:
R = 3.1250445837279774 nm, with error 0.07163706399977349 nm
rho = 1.6011067336676335e-08 nm**-3, with error 1.1817117044404292e-09 nm**-3
Chi-squared = 0.8939008233757189

Fit restricted to 470nm-570nm:
R = 3.1250454369346636 nm, with error 0.0716359671169235 nm
f = 2.0468099547704518e-06 with error 1.2109791641463692e-08
Chi-squared = 0.8938997813387495

